{
 "cells": [
  {
   "cell_type": "code",
   "execution_count": 1,
   "metadata": {},
   "outputs": [],
   "source": [
    "import numpy as np\n",
    "import matplotlib.pyplot as plt\n",
    "import matplotlib\n",
    "from fermipy.gtanalysis import GTAnalysis\n"
   ]
  },
  {
   "cell_type": "code",
   "execution_count": 2,
   "metadata": {},
   "outputs": [
    {
     "name": "stderr",
     "output_type": "stream",
     "text": [
      "2023-03-19 08:33:24 INFO    GTAnalysis.__init__(): \n",
      "--------------------------------------------------------------------------------\n",
      "fermipy version 1.2.0 \n",
      "ScienceTools version 2.2.0\n",
      "2023-03-19 08:33:25 INFO    GTAnalysis.setup(): Running setup.\n",
      "2023-03-19 08:33:25 INFO    GTBinnedAnalysis.setup(): Running setup for component 00\n",
      "2023-03-19 08:33:25 INFO    GTBinnedAnalysis._select_data(): Skipping data selection.\n",
      "2023-03-19 08:33:25 INFO    GTBinnedAnalysis._create_ltcube(): Skipping LT Cube.\n",
      "2023-03-19 08:33:25 INFO    GTBinnedAnalysis._create_expcube(): Skipping gtexpcube.\n",
      "/home/ray/miniconda3/envs/fermi/lib/python3.9/site-packages/astropy/wcs/wcs.py:501: FITSFixedWarning: RADECSYS= 'FK5 ' \n",
      "the RADECSYS keyword is deprecated, use RADESYSa.\n",
      "  wcsprm = _wcs.Wcsprm(header=header_bytes, key=key,\n",
      "/home/ray/miniconda3/envs/fermi/lib/python3.9/site-packages/astropy/wcs/wcs.py:725: FITSFixedWarning: 'datfix' made the change 'Set DATEREF to '2001-01-01T00:01:04.184' from MJDREF.\n",
      "Set MJD-OBS to 57509.999954 from DATE-OBS.\n",
      "Set MJD-END to 58193.203716 from DATE-END'.\n",
      "  warnings.warn(\n",
      "2023-03-19 08:33:25 INFO    GTBinnedAnalysis._create_srcmaps(): Skipping gtsrcmaps.\n",
      "2023-03-19 08:33:25 INFO    GTBinnedAnalysis.setup(): Finished setup for component 00\n",
      "2023-03-19 08:33:25 INFO    GTBinnedAnalysis._create_binned_analysis(): Creating BinnedAnalysis for component 00.\n",
      "2023-03-19 08:33:31 INFO    GTAnalysis.setup(): Initializing source properties\n",
      "2023-03-19 08:33:35 INFO    GTAnalysis.setup(): Finished setup.\n"
     ]
    }
   ],
   "source": [
    "gta = GTAnalysis('config.yaml', logging={'verbosity': 3})\n",
    "gta.setup()"
   ]
  },
  {
   "cell_type": "code",
   "execution_count": 3,
   "metadata": {},
   "outputs": [
    {
     "name": "stderr",
     "output_type": "stream",
     "text": [
      "2023-03-19 08:34:36 INFO    GTAnalysis.print_roi(): \n",
      "name                SpatialModel   SpectrumType     offset        ts       npred\n",
      "--------------------------------------------------------------------------------\n",
      "4FGL J1443.9+2501   PointSource    LogParabola       0.010       nan      1169.6\n",
      "4FGL J1443.6+2515   PointSource    PowerLaw          0.256       nan        25.4\n",
      "4FGL J1436.9+2321   PointSource    PowerLaw          2.311       nan       105.6\n",
      "4FGL J1454.1+2647   PointSource    PowerLaw          2.901       nan        36.2\n",
      "4FGL J1449.5+2746   PointSource    PowerLaw          3.023       nan         7.1\n",
      "4FGL J1500.2+2640   PointSource    LogParabola       4.017       nan        73.8\n",
      "4FGL J1427.0+2348   PointSource    LogParabola       4.043       nan      1681.8\n",
      "4FGL J1501.0+2238   PointSource    PowerLaw          4.573       nan       191.4\n",
      "4FGL J1435.5+2021   PointSource    PowerLaw          5.044       nan        69.4\n",
      "4FGL J1424.1+2917   PointSource    PowerLaw          6.141       nan        10.9\n",
      "4FGL J1504.9+2027   PointSource    PowerLaw          6.660       nan        26.4\n",
      "isodiff             ConstantValue  FileFunction      -----       nan      4484.9\n",
      "galdiff             MapCubeFunctio PowerLaw          -----       nan      8001.9\n",
      "\n"
     ]
    }
   ],
   "source": [
    "gta.print_roi()"
   ]
  },
  {
   "cell_type": "code",
   "execution_count": 4,
   "metadata": {},
   "outputs": [
    {
     "name": "stdout",
     "output_type": "stream",
     "text": [
      "Name           : 4FGL J1443.9+2501\n",
      "Associations   : ['4FGL J1443.9+2501', 'PKS 1441+25']\n",
      "RA/DEC         :    220.993/    25.029\n",
      "GLON/GLAT      :     34.566/    64.696\n",
      "TS             : nan\n",
      "Npred          : 1169.60\n",
      "Flux           : 2.041e-08 +/-      nan\n",
      "EnergyFlux     : 2.662e-05 +/-      nan\n",
      "SpatialModel   : PointSource\n",
      "SpectrumType   : LogParabola\n",
      "Spectral Parameters\n",
      "b'norm'        :  8.535e-12 +/-        nan\n",
      "b'alpha'       :      1.956 +/-        nan\n",
      "b'beta'        :     0.1029 +/-        nan\n",
      "b'Eb'          :      885.6 +/-        nan\n"
     ]
    }
   ],
   "source": [
    "print(gta.roi['4FGL J1443.9+2501'])"
   ]
  },
  {
   "cell_type": "code",
   "execution_count": 5,
   "metadata": {},
   "outputs": [
    {
     "name": "stderr",
     "output_type": "stream",
     "text": [
      "2023-03-19 08:37:38 INFO    GTAnalysis.free_source(): Freeing parameters for 4FGL J1443.9+2501     : ['norm', 'alpha', 'beta']\n",
      "2023-03-19 08:37:38 INFO    GTAnalysis.free_source(): Freeing parameters for 4FGL J1443.6+2515     : ['Prefactor', 'Index']\n",
      "2023-03-19 08:37:38 INFO    GTAnalysis.free_source(): Freeing parameters for 4FGL J1436.9+2321     : ['Prefactor', 'Index']\n",
      "2023-03-19 08:37:38 INFO    GTAnalysis.free_source(): Freeing parameters for 4FGL J1454.1+2647     : ['Prefactor', 'Index']\n",
      "2023-03-19 08:37:38 INFO    GTAnalysis.free_source(): Freeing parameters for 4FGL J1449.5+2746     : ['Prefactor', 'Index']\n",
      "2023-03-19 08:37:38 INFO    GTAnalysis.free_source(): Freeing parameters for 4FGL J1500.2+2640     : ['norm', 'alpha', 'beta']\n",
      "2023-03-19 08:37:38 INFO    GTAnalysis.free_source(): Freeing parameters for 4FGL J1427.0+2348     : ['norm', 'alpha', 'beta']\n",
      "2023-03-19 08:37:38 INFO    GTAnalysis.free_source(): Freeing parameters for 4FGL J1501.0+2238     : ['Prefactor', 'Index']\n",
      "2023-03-19 08:37:38 INFO    GTAnalysis.free_source(): Freeing parameters for 4FGL J1435.5+2021     : ['Prefactor', 'Index']\n",
      "2023-03-19 08:37:38 INFO    GTAnalysis.free_source(): Freeing parameters for 4FGL J1424.1+2917     : ['Prefactor', 'Index']\n",
      "2023-03-19 08:37:38 INFO    GTAnalysis.free_source(): Freeing parameters for 4FGL J1504.9+2027     : ['Prefactor', 'Index']\n",
      "2023-03-19 08:37:38 INFO    GTAnalysis.free_source(): Freeing parameters for isodiff               : ['Normalization']\n",
      "2023-03-19 08:37:38 INFO    GTAnalysis.free_source(): Freeing parameters for galdiff               : ['Prefactor', 'Index']\n"
     ]
    },
    {
     "data": {
      "text/plain": [
       "[<fermipy.roi_model.Source at 0x7f86b327f3d0>,\n",
       " <fermipy.roi_model.Source at 0x7f86b327fbb0>,\n",
       " <fermipy.roi_model.Source at 0x7f86b327f790>,\n",
       " <fermipy.roi_model.Source at 0x7f86b32fa040>,\n",
       " <fermipy.roi_model.Source at 0x7f86b327fdc0>,\n",
       " <fermipy.roi_model.Source at 0x7f86b327ff70>,\n",
       " <fermipy.roi_model.Source at 0x7f86b327fe20>,\n",
       " <fermipy.roi_model.Source at 0x7f86b327ff40>,\n",
       " <fermipy.roi_model.Source at 0x7f86b327f7f0>,\n",
       " <fermipy.roi_model.Source at 0x7f86b327fdf0>,\n",
       " <fermipy.roi_model.Source at 0x7f86b339aa90>,\n",
       " <fermipy.roi_model.IsoSource at 0x7f86b32e4280>,\n",
       " <fermipy.roi_model.MapCubeSource at 0x7f86b32e40a0>]"
      ]
     },
     "execution_count": 5,
     "metadata": {},
     "output_type": "execute_result"
    }
   ],
   "source": [
    "gta.free_sources()"
   ]
  },
  {
   "cell_type": "code",
   "execution_count": 8,
   "metadata": {},
   "outputs": [
    {
     "name": "stderr",
     "output_type": "stream",
     "text": [
      "2023-03-19 08:41:26 INFO    GTAnalysis.fit(): Starting fit.\n",
      "2023-03-19 08:43:36 INFO    GTAnalysis.fit(): Fit returned successfully. Quality:   3 Status: 156\n",
      "2023-03-19 08:43:36 INFO    GTAnalysis.fit(): LogLike:   -43684.180 DeltaLogLike:       -0.000 \n"
     ]
    },
    {
     "data": {
      "text/plain": [
       "{'fit_quality': 3,\n",
       " 'fit_status': 156,\n",
       " 'fit_success': True,\n",
       " 'dloglike': -0.00012858468107879162,\n",
       " 'edm': 0.0005470458476957004,\n",
       " 'loglike': -43684.17954118912,\n",
       " 'covariance': array([[ 4.66624901e-05,  2.01783343e-01,  3.19441770e-08,\n",
       "          2.92455291e-08, -3.40117763e-09,  2.42024760e-07,\n",
       "          1.20165515e-07,  5.59785216e-07,  3.94636549e-07,\n",
       "          1.69644657e-08,  6.13226331e-04,  7.49524421e-08,\n",
       "          1.08653881e-07, -2.53855402e-08,  2.60335861e-07,\n",
       "          2.46202436e-07,  5.36478070e-07,  2.93733536e-07,\n",
       "          2.59802180e-07,  1.81349185e-06, -4.17659096e-06,\n",
       "          7.96366333e-07,  2.11050906e-07,  1.05697950e-06,\n",
       "          3.21267813e-07, -7.38777568e-08, -7.15995572e-08,\n",
       "         -5.60702502e-07],\n",
       "        [ 2.01783343e-01,  2.22071567e+03,  2.62659494e-04,\n",
       "          2.65103881e-04, -3.00386808e-05,  2.02523331e-03,\n",
       "          1.09183154e-03,  4.80837305e-03,  3.80076646e-03,\n",
       "          1.49707212e-04,  5.41133285e+00,  6.31715212e-04,\n",
       "          9.98241601e-04, -2.20899788e-04,  1.90775788e-03,\n",
       "          2.02269271e-03,  4.37591556e-03,  2.58579861e-03,\n",
       "          2.05669236e-03,  1.65396867e-02, -3.73042614e-02,\n",
       "          6.67394863e-03,  1.90007753e-03,  8.96965617e-03,\n",
       "          2.87269240e-03, -5.85860942e-04, -1.12437033e-03,\n",
       "         -4.46539333e-03],\n",
       "        [ 3.19441770e-08,  2.62659494e-04,  2.03518236e-04,\n",
       "          2.98125820e-05,  2.02418321e-05,  2.99410079e-06,\n",
       "          4.45651001e-07, -5.46775060e-05, -4.99202802e-05,\n",
       "          4.84272409e-07,  1.75047746e-02,  2.10516230e-06,\n",
       "          2.96412015e-06, -6.82195164e-07,  1.09187481e-05,\n",
       "          1.20035903e-05,  2.32467450e-05,  1.43867220e-05,\n",
       "          1.10389906e-05,  8.42174629e-05, -1.91829018e-04,\n",
       "          3.69394067e-05,  1.01936546e-05,  5.02416188e-05,\n",
       "          1.57522385e-05, -1.10443525e-05, -5.26876718e-06,\n",
       "         -9.66471005e-06],\n",
       "        [ 2.92455291e-08,  2.65103881e-04,  2.98125820e-05,\n",
       "          4.79993604e-04, -6.83395357e-05,  1.00944592e-06,\n",
       "         -5.81653985e-07, -7.74499696e-05, -9.76864441e-05,\n",
       "          5.18562114e-07,  1.87415948e-02,  2.25108293e-06,\n",
       "          4.04091239e-06, -4.34943784e-07,  3.76677801e-06,\n",
       "          1.25914451e-05,  2.22114136e-05,  1.97198392e-05,\n",
       "          8.17041260e-06,  1.35951210e-04, -2.85869478e-04,\n",
       "          3.91827362e-05,  1.48829073e-05,  5.65690659e-05,\n",
       "          2.22695534e-05, -7.79475770e-06, -2.22102827e-05,\n",
       "         -9.04219380e-06],\n",
       "        [-3.40117763e-09, -3.00386808e-05,  2.02418321e-05,\n",
       "         -6.83395357e-05,  5.95746393e-05,  3.40096566e-08,\n",
       "          4.79132434e-07,  1.19476949e-05,  1.79366680e-05,\n",
       "         -2.94791934e-08, -1.06556941e-03, -2.70906379e-07,\n",
       "         -1.97333900e-07, -6.34313633e-08, -5.07365220e-07,\n",
       "         -1.59949042e-06, -2.87573257e-06, -2.49088012e-06,\n",
       "         -1.13882846e-06, -1.73107814e-05,  3.62443014e-05,\n",
       "         -5.03831141e-06, -1.89242948e-06, -7.26974269e-06,\n",
       "         -2.84414786e-06,  8.78021556e-07,  2.84462489e-06,\n",
       "          1.47323216e-06],\n",
       "        [ 2.42024760e-07,  2.02523331e-03,  2.99410079e-06,\n",
       "          1.00944592e-06,  3.40096566e-08,  1.26906581e-02,\n",
       "         -2.51881094e-03, -9.83845825e-05, -1.35064671e-04,\n",
       "          4.76180522e-06,  1.72119557e-01,  1.75104523e-05,\n",
       "          2.58670952e-05, -5.80545164e-06,  6.59387168e-05,\n",
       "          7.07910905e-05,  1.33499095e-04,  8.03654268e-05,\n",
       "          6.28414510e-05,  4.55560655e-04, -1.04431692e-03,\n",
       "          1.85110290e-04,  4.78004504e-05,  2.47427303e-04,\n",
       "          7.34196547e-05, -5.42633519e-05, -2.40178940e-05,\n",
       "         -6.97789225e-05],\n",
       "        [ 1.20165515e-07,  1.09183154e-03,  4.45651001e-07,\n",
       "         -5.81653985e-07,  4.79132434e-07, -2.51881094e-03,\n",
       "          2.45950945e-03, -9.97098630e-05, -1.41159465e-04,\n",
       "          2.83775113e-06,  1.02562743e-01,  9.23503921e-06,\n",
       "          1.80564641e-05, -2.79067824e-06,  1.38895468e-05,\n",
       "          3.65009695e-05,  6.18453668e-05,  5.28418058e-05,\n",
       "          2.35645314e-05,  3.47000725e-04, -7.31412178e-04,\n",
       "          8.94088646e-05,  3.19042583e-05,  1.26328793e-04,\n",
       "          4.72162334e-05, -2.16337253e-05, -5.45954789e-05,\n",
       "         -2.54740520e-05],\n",
       "        [ 5.59785216e-07,  4.80837305e-03, -5.46775060e-05,\n",
       "         -7.74499696e-05,  1.19476949e-05, -9.83845825e-05,\n",
       "         -9.97098630e-05,  2.33804660e-02,  3.10975144e-03,\n",
       "         -1.85110011e-05, -6.69005093e-01, -7.84549959e-05,\n",
       "         -1.93134340e-04,  4.68305931e-05,  1.20338419e-04,\n",
       "          1.63598250e-04,  2.98832769e-04,  2.00909974e-04,\n",
       "          1.49008210e-04,  1.29364926e-03, -2.83903879e-03,\n",
       "          4.57898851e-04,  1.34891219e-04,  6.79223830e-04,\n",
       "          2.25880891e-04, -1.32762093e-04, -1.44615348e-04,\n",
       "         -1.49635009e-04],\n",
       "        [ 3.94636549e-07,  3.80076646e-03, -4.99202802e-05,\n",
       "         -9.76864441e-05,  1.79366680e-05, -1.35064671e-04,\n",
       "         -1.41159465e-04,  3.10975144e-03,  4.13077930e-02,\n",
       "         -2.56823956e-05, -9.28180499e-01, -7.38433019e-05,\n",
       "         -2.72949720e-04,  7.83093906e-05, -1.12847491e-05,\n",
       "          1.19796960e-04,  1.87056208e-04,  2.00766649e-04,\n",
       "          7.98492651e-05,  1.52193769e-03, -3.04727278e-03,\n",
       "          3.30170378e-04,  1.43605645e-04,  5.50009885e-04,\n",
       "          2.36865769e-04, -6.71911482e-05, -3.28924603e-04,\n",
       "         -7.13325562e-05],\n",
       "        [ 1.69644657e-08,  1.49707212e-04,  4.84272409e-07,\n",
       "          5.18562114e-07, -2.94791934e-08,  4.76180522e-06,\n",
       "          2.83775113e-06, -1.85110011e-05, -2.56823956e-05,\n",
       "          9.59914089e-04,  3.45666042e+01, -5.57238785e-05,\n",
       "         -8.05424393e-05,  1.18810669e-05, -2.53168376e-06,\n",
       "         -4.45297327e-06, -9.09587286e-06, -9.41888070e-06,\n",
       "          6.46179881e-06,  1.14550613e-05, -1.90323626e-05,\n",
       "          1.34362147e-05,  4.14654005e-06,  2.43637832e-05,\n",
       "          8.66716485e-06, -3.71116183e-06, -7.61903270e-06,\n",
       "         -6.14750006e-06],\n",
       "        [ 6.13226331e-04,  5.41133285e+00,  1.75047746e-02,\n",
       "          1.87415948e-02, -1.06556941e-03,  1.72119557e-01,\n",
       "          1.02562743e-01, -6.69005093e-01, -9.28180499e-01,\n",
       "          3.45666042e+01,  1.24913030e+06, -2.01459453e+00,\n",
       "         -2.90973966e+00,  4.29768983e-01, -9.14771113e-02,\n",
       "         -1.60935784e-01, -3.28733660e-01, -3.40417877e-01,\n",
       "          2.33557245e-01,  4.14036171e-01, -6.88036123e-01,\n",
       "          4.85671385e-01,  1.49867293e-01,  8.80624223e-01,\n",
       "          3.13253525e-01, -1.34150090e-01, -2.75312179e-01,\n",
       "         -2.22226267e-01],\n",
       "        [ 7.49524421e-08,  6.31715212e-04,  2.10516230e-06,\n",
       "          2.25108293e-06, -2.70906379e-07,  1.75104523e-05,\n",
       "          9.23503921e-06, -7.84549959e-05, -7.38433019e-05,\n",
       "         -5.57238785e-05, -2.01459453e+00,  5.08212348e-04,\n",
       "          1.41852877e-04,  1.46448174e-04,  1.71632937e-06,\n",
       "         -3.79658283e-06, -2.18147421e-05, -2.21363909e-05,\n",
       "          1.57035464e-05,  7.28544875e-05, -1.77681899e-04,\n",
       "          4.80740071e-05,  1.27291565e-05,  8.89417839e-05,\n",
       "          2.83350657e-05, -1.70829202e-05, -1.44225184e-05,\n",
       "         -2.43905069e-05],\n",
       "        [ 1.08653881e-07,  9.98241601e-04,  2.96412015e-06,\n",
       "          4.04091239e-06, -1.97333900e-07,  2.58670952e-05,\n",
       "          1.80564641e-05, -1.93134340e-04, -2.72949720e-04,\n",
       "         -8.05424393e-05, -2.90973966e+00,  1.41852877e-04,\n",
       "          3.38607095e-03, -7.05157837e-04, -1.76881744e-05,\n",
       "         -1.85709283e-05, -5.71732985e-05, -5.96315152e-05,\n",
       "          3.93459622e-05,  6.34961308e-05, -8.70036832e-05,\n",
       "          6.42148393e-05,  2.34963018e-05,  1.47463261e-04,\n",
       "          5.84744568e-05, -1.88717473e-05, -7.36591588e-05,\n",
       "         -3.15915658e-05],\n",
       "        [-2.53855402e-08, -2.20899788e-04, -6.82195164e-07,\n",
       "         -4.34943784e-07, -6.34313633e-08, -5.80545164e-06,\n",
       "         -2.79067824e-06,  4.68305931e-05,  7.83093906e-05,\n",
       "          1.18810669e-05,  4.29768983e-01,  1.46448174e-04,\n",
       "         -7.05157837e-04,  1.03056504e-03,  2.33129121e-06,\n",
       "          4.13126065e-06,  1.04899255e-05,  1.44068678e-05,\n",
       "         -1.56210655e-05,  1.55639395e-05, -5.73090810e-05,\n",
       "         -1.42354426e-05, -3.57762158e-06, -3.21831400e-05,\n",
       "         -1.14141998e-05,  4.05903307e-06,  1.26612452e-05,\n",
       "          1.03962713e-05],\n",
       "        [ 2.60335861e-07,  1.90775788e-03,  1.09187481e-05,\n",
       "          3.76677801e-06, -5.07365220e-07,  6.59387168e-05,\n",
       "          1.38895468e-05,  1.20338419e-04, -1.12847491e-05,\n",
       "         -2.53168376e-06, -9.14771113e-02,  1.71632937e-06,\n",
       "         -1.76881744e-05,  2.33129121e-06,  1.24350572e-01,\n",
       "         -3.60446062e-02, -7.05258317e-04, -3.20684128e-04,\n",
       "          4.22555755e-05, -2.78785823e-04,  4.53406516e-04,\n",
       "          2.09442318e-04,  2.61738304e-05,  2.65634718e-04,\n",
       "          4.83127562e-05, -6.57464133e-05,  9.49987441e-05,\n",
       "         -1.25858624e-04],\n",
       "        [ 2.46202436e-07,  2.02269271e-03,  1.20035903e-05,\n",
       "          1.25914451e-05, -1.59949042e-06,  7.07910905e-05,\n",
       "          3.65009695e-05,  1.63598250e-04,  1.19796960e-04,\n",
       "         -4.45297327e-06, -1.60935784e-01, -3.79658283e-06,\n",
       "         -1.85709283e-05,  4.13126065e-06, -3.60446062e-02,\n",
       "          2.18044563e-01, -8.77678160e-04, -6.33616212e-04,\n",
       "          2.14934095e-05, -4.35900658e-04,  8.70948244e-04,\n",
       "          2.20649199e-04,  5.87508994e-05,  3.10291173e-04,\n",
       "          9.56466533e-05, -5.39132660e-05, -2.81175112e-05,\n",
       "         -9.48252295e-05],\n",
       "        [ 5.36478070e-07,  4.37591556e-03,  2.32467450e-05,\n",
       "          2.22114136e-05, -2.87573257e-06,  1.33499095e-04,\n",
       "          6.18453668e-05,  2.98832769e-04,  1.87056208e-04,\n",
       "         -9.09587286e-06, -3.28733660e-01, -2.18147421e-05,\n",
       "         -5.71732985e-05,  1.04899255e-05, -7.05258317e-04,\n",
       "         -8.77678160e-04,  5.02228174e-02,  9.38417033e-03,\n",
       "         -1.11965851e-03, -5.72178954e-03,  1.32978296e-02,\n",
       "          3.43782195e-04,  7.87784969e-05,  5.66288819e-04,\n",
       "          1.62170682e-04, -1.01434433e-04, -1.24224964e-05,\n",
       "         -2.06064319e-04],\n",
       "        [ 2.93733536e-07,  2.58579861e-03,  1.43867220e-05,\n",
       "          1.97198392e-05, -2.49088012e-06,  8.03654268e-05,\n",
       "          5.28418058e-05,  2.00909974e-04,  2.00766649e-04,\n",
       "         -9.41888070e-06, -3.40417877e-01, -2.21363909e-05,\n",
       "         -5.96315152e-05,  1.44068678e-05, -3.20684128e-04,\n",
       "         -6.33616212e-04,  9.38417033e-03,  3.75971455e-02,\n",
       "         -5.62480588e-04, -6.12916317e-03,  1.28831007e-02,\n",
       "          1.90597490e-04,  6.22859826e-05,  3.57081302e-04,\n",
       "          1.28119401e-04, -5.56918632e-05, -1.04337119e-04,\n",
       "         -8.15662417e-05],\n",
       "        [ 2.59802180e-07,  2.05669236e-03,  1.10389906e-05,\n",
       "          8.17041260e-06, -1.13882846e-06,  6.28414510e-05,\n",
       "          2.35645314e-05,  1.49008210e-04,  7.98492651e-05,\n",
       "          6.46179881e-06,  2.33557245e-01,  1.57035464e-05,\n",
       "          3.93459622e-05, -1.56210655e-05,  4.22555755e-05,\n",
       "          2.14934095e-05, -1.11965851e-03, -5.62480588e-04,\n",
       "          3.51563286e-02, -3.23827311e-02,  7.78523568e-02,\n",
       "          1.64837127e-04,  4.59132597e-05,  2.68573295e-04,\n",
       "          7.13788288e-05, -5.89806994e-05,  3.88801916e-05,\n",
       "         -9.36212305e-05],\n",
       "        [ 1.81349185e-06,  1.65396867e-02,  8.42174629e-05,\n",
       "          1.35951210e-04, -1.73107814e-05,  4.55560655e-04,\n",
       "          3.47000725e-04,  1.29364926e-03,  1.52193769e-03,\n",
       "          1.14550613e-05,  4.14036171e-01,  7.28544875e-05,\n",
       "          6.34961308e-05,  1.55639395e-05, -2.78785823e-04,\n",
       "         -4.35900658e-04, -5.72178954e-03, -6.12916317e-03,\n",
       "         -3.23827311e-02,  4.54064608e-01,  5.62885440e-02,\n",
       "          4.84132094e-04,  1.32189485e-04,  1.85188926e-03,\n",
       "          7.13806008e-04, -1.99833109e-04, -8.88305768e-04,\n",
       "         -5.24544951e-04],\n",
       "        [-4.17659096e-06, -3.73042614e-02, -1.91829018e-04,\n",
       "         -2.85869478e-04,  3.62443014e-05, -1.04431692e-03,\n",
       "         -7.31412178e-04, -2.83903879e-03, -3.04727278e-03,\n",
       "         -1.90323626e-05, -6.88036123e-01, -1.77681899e-04,\n",
       "         -8.70036832e-05, -5.73090810e-05,  4.53406516e-04,\n",
       "          8.70948244e-04,  1.32978296e-02,  1.28831007e-02,\n",
       "          7.78523568e-02,  5.62885440e-02,  1.30313154e+00,\n",
       "         -1.22200708e-03, -2.44651450e-04, -4.18109460e-03,\n",
       "         -1.50827585e-03,  5.14152382e-04,  1.67809510e-03,\n",
       "          1.29803043e-03],\n",
       "        [ 7.96366333e-07,  6.67394863e-03,  3.69394067e-05,\n",
       "          3.91827362e-05, -5.03831141e-06,  1.85110290e-04,\n",
       "          8.94088646e-05,  4.57898851e-04,  3.30170378e-04,\n",
       "          1.34362147e-05,  4.85671385e-01,  4.80740071e-05,\n",
       "          6.42148393e-05, -1.42354426e-05,  2.09442318e-04,\n",
       "          2.20649199e-04,  3.43782195e-04,  1.90597490e-04,\n",
       "          1.64837127e-04,  4.84132094e-04, -1.22200708e-03,\n",
       "          7.00145665e-02, -2.24194425e-03, -2.30023017e-03,\n",
       "         -8.27091340e-04, -1.80615236e-04, -7.77996848e-05,\n",
       "         -2.23482577e-04],\n",
       "        [ 2.11050906e-07,  1.90007753e-03,  1.01936546e-05,\n",
       "          1.48829073e-05, -1.89242948e-06,  4.78004504e-05,\n",
       "          3.19042583e-05,  1.34891219e-04,  1.43605645e-04,\n",
       "          4.14654005e-06,  1.49867293e-01,  1.27291565e-05,\n",
       "          2.34963018e-05, -3.57762158e-06,  2.61738304e-05,\n",
       "          5.87508994e-05,  7.87784969e-05,  6.22859826e-05,\n",
       "          4.59132597e-05,  1.32189485e-04, -2.44651450e-04,\n",
       "         -2.24194425e-03,  5.05294319e-03, -7.63420959e-04,\n",
       "         -3.15653716e-04, -3.83457693e-05, -8.43660038e-05,\n",
       "         -4.57690876e-05],\n",
       "        [ 1.05697950e-06,  8.96965617e-03,  5.02416188e-05,\n",
       "          5.65690659e-05, -7.26974269e-06,  2.47427303e-04,\n",
       "          1.26328793e-04,  6.79223830e-04,  5.50009885e-04,\n",
       "          2.43637832e-05,  8.80624223e-01,  8.89417839e-05,\n",
       "          1.47463261e-04, -3.21831400e-05,  2.65634718e-04,\n",
       "          3.10291173e-04,  5.66288819e-04,  3.57081302e-04,\n",
       "          2.68573295e-04,  1.85188926e-03, -4.18109460e-03,\n",
       "         -2.30023017e-03, -7.63420959e-04,  2.20405551e-01,\n",
       "          1.79277088e-02, -2.41033856e-04, -1.53855899e-04,\n",
       "         -2.74447232e-04],\n",
       "        [ 3.21267813e-07,  2.87269240e-03,  1.57522385e-05,\n",
       "          2.22695534e-05, -2.84414786e-06,  7.34196547e-05,\n",
       "          4.72162334e-05,  2.25880891e-04,  2.36865769e-04,\n",
       "          8.66716485e-06,  3.13253525e-01,  2.83350657e-05,\n",
       "          5.84744568e-05, -1.14141998e-05,  4.83127562e-05,\n",
       "          9.56466533e-05,  1.62170682e-04,  1.28119401e-04,\n",
       "          7.13788288e-05,  7.13806008e-04, -1.50827585e-03,\n",
       "         -8.27091340e-04, -3.15653716e-04,  1.79277088e-02,\n",
       "          3.96581852e-02, -6.31634207e-05, -1.17617455e-04,\n",
       "         -6.76807296e-05],\n",
       "        [-7.38777568e-08, -5.85860942e-04, -1.10443525e-05,\n",
       "         -7.79475770e-06,  8.78021556e-07, -5.42633519e-05,\n",
       "         -2.16337253e-05, -1.32762093e-04, -6.71911482e-05,\n",
       "         -3.71116183e-06, -1.34150090e-01, -1.70829202e-05,\n",
       "         -1.88717473e-05,  4.05903307e-06, -6.57464133e-05,\n",
       "         -5.39132660e-05, -1.01434433e-04, -5.56918632e-05,\n",
       "         -5.89806994e-05, -1.99833109e-04,  5.14152382e-04,\n",
       "         -1.80615236e-04, -3.83457693e-05, -2.41033856e-04,\n",
       "         -6.31634207e-05,  1.45409620e-04, -1.98286401e-05,\n",
       "         -1.18789524e-04],\n",
       "        [-7.15995572e-08, -1.12437033e-03, -5.26876718e-06,\n",
       "         -2.22102827e-05,  2.84462489e-06, -2.40178940e-05,\n",
       "         -5.45954789e-05, -1.44615348e-04, -3.28924603e-04,\n",
       "         -7.61903270e-06, -2.75312179e-01, -1.44225184e-05,\n",
       "         -7.36591588e-05,  1.26612452e-05,  9.49987441e-05,\n",
       "         -2.81175112e-05, -1.24224964e-05, -1.04337119e-04,\n",
       "          3.88801916e-05, -8.88305768e-04,  1.67809510e-03,\n",
       "         -7.77996848e-05, -8.43660038e-05, -1.53855899e-04,\n",
       "         -1.17617455e-04, -1.98286401e-05,  2.58224193e-04,\n",
       "         -3.68143029e-05],\n",
       "        [-5.60702502e-07, -4.46539333e-03, -9.66471005e-06,\n",
       "         -9.04219380e-06,  1.47323216e-06, -6.97789225e-05,\n",
       "         -2.54740520e-05, -1.49635009e-04, -7.13325562e-05,\n",
       "         -6.14750006e-06, -2.22226267e-01, -2.43905069e-05,\n",
       "         -3.15915658e-05,  1.03962713e-05, -1.25858624e-04,\n",
       "         -9.48252295e-05, -2.06064319e-04, -8.15662417e-05,\n",
       "         -9.36212305e-05, -5.24544951e-04,  1.29803043e-03,\n",
       "         -2.23482577e-04, -4.57690876e-05, -2.74447232e-04,\n",
       "         -6.76807296e-05, -1.18789524e-04, -3.68143029e-05,\n",
       "          4.77817106e-04]]),\n",
       " 'correlation': array([[ 1.00000000e+00,  6.26837369e-01,  3.27797837e-04,\n",
       "          1.95414957e-04, -6.45081590e-05,  3.14509502e-04,\n",
       "          3.54708543e-04,  5.35933479e-04,  2.84247958e-04,\n",
       "          8.01567403e-05,  8.03217141e-05,  4.86720037e-04,\n",
       "          2.73346338e-04, -1.15761662e-04,  1.08075225e-04,\n",
       "          7.71855068e-05,  3.50443075e-04,  2.21764559e-04,\n",
       "          2.02841624e-04,  3.93978775e-04, -5.35604060e-04,\n",
       "          4.40590100e-04,  4.34641367e-04,  3.29587966e-04,\n",
       "          2.36165712e-04, -8.96877597e-04, -6.52270769e-04,\n",
       "         -3.75506701e-03],\n",
       "        [ 6.26837369e-01,  1.00000000e+00,  3.90701393e-04,\n",
       "          2.56774493e-04, -8.25854740e-05,  3.81492944e-04,\n",
       "          4.67180715e-04,  6.67306099e-04,  3.96833850e-04,\n",
       "          1.02536871e-04,  1.02743392e-04,  5.94637440e-04,\n",
       "          3.64033339e-04, -1.46019588e-04,  1.14802906e-04,\n",
       "          9.19201660e-05,  4.14354364e-04,  2.82989800e-04,\n",
       "          2.32766834e-04,  5.20861159e-04, -6.93454289e-04,\n",
       "          5.35232133e-04,  5.67221437e-04,  4.05432027e-04,\n",
       "          3.06109092e-04, -1.03098298e-03, -1.48478794e-03,\n",
       "         -4.33493304e-03],\n",
       "        [ 3.27797837e-04,  3.90701393e-04,  1.00000000e+00,\n",
       "          9.53850257e-02,  1.83830447e-01,  1.86304215e-03,\n",
       "          6.29896179e-04, -2.50657354e-02, -1.72170743e-02,\n",
       "          1.09565009e-03,  1.09787018e-03,  6.54577860e-03,\n",
       "          3.57064038e-03, -1.48959865e-03,  2.17043751e-03,\n",
       "          1.80192566e-03,  7.27126463e-03,  5.20095085e-03,\n",
       "          4.12691895e-03,  8.76075758e-03, -1.17792737e-02,\n",
       "          9.78574848e-03,  1.00520824e-02,  7.50154460e-03,\n",
       "          5.54465077e-03, -6.42010343e-02, -2.29831144e-02,\n",
       "         -3.09924792e-02],\n",
       "        [ 1.95414957e-04,  2.56774493e-04,  9.53850257e-02,\n",
       "          1.00000000e+00, -4.04132323e-01,  4.08999954e-04,\n",
       "         -5.35331421e-04, -2.31194206e-02, -2.19381792e-02,\n",
       "          7.63953413e-04,  7.65393815e-04,  4.55775697e-03,\n",
       "          3.16966732e-03, -6.18411705e-04,  4.87560380e-04,\n",
       "          1.23079358e-03,  4.52384731e-03,  4.64203283e-03,\n",
       "          1.98895293e-03,  9.20887386e-03, -1.14302554e-02,\n",
       "          6.75900601e-03,  9.55647756e-03,  5.49983953e-03,\n",
       "          5.10419624e-03, -2.95045045e-02, -6.30867125e-02,\n",
       "         -1.88810107e-02],\n",
       "        [-6.45081590e-05, -8.25854740e-05,  1.83830447e-01,\n",
       "         -4.04132323e-01,  1.00000000e+00,  3.91137508e-05,\n",
       "          1.25170104e-03,  1.01234101e-02,  1.14339177e-02,\n",
       "         -1.23273209e-04, -1.23522810e-04, -1.55691863e-03,\n",
       "         -4.39362474e-04, -2.55997446e-04, -1.86408661e-04,\n",
       "         -4.43790807e-04, -1.66252142e-03, -1.66435007e-03,\n",
       "         -7.86911413e-04, -3.32833579e-03,  4.11353214e-03,\n",
       "         -2.46694856e-03, -3.44918735e-03, -2.00621311e-03,\n",
       "         -1.85035493e-03,  9.43360958e-03,  2.29348461e-02,\n",
       "          8.73191766e-03],\n",
       "        [ 3.14509502e-04,  3.81492944e-04,  1.86304215e-03,\n",
       "          4.08999954e-04,  3.91137508e-05,  1.00000000e+00,\n",
       "         -4.50847069e-01, -5.71160801e-03, -5.89907198e-03,\n",
       "          1.36431097e-03,  1.36704961e-03,  6.89497485e-03,\n",
       "          3.94600438e-03, -1.60530012e-03,  1.65987172e-03,\n",
       "          1.34574849e-03,  5.28793019e-03,  3.67916908e-03,\n",
       "          2.97510553e-03,  6.00129963e-03, -8.12074951e-03,\n",
       "          6.21003842e-03,  5.96922170e-03,  4.67836697e-03,\n",
       "          3.27268230e-03, -3.99455105e-02, -1.32676616e-02,\n",
       "         -2.83368349e-02],\n",
       "        [ 3.54708543e-04,  4.67180715e-04,  6.29896179e-04,\n",
       "         -5.35331421e-04,  1.25170104e-03, -4.50847069e-01,\n",
       "          1.00000000e+00, -1.31488354e-02, -1.40045694e-02,\n",
       "          1.84685957e-03,  1.85038248e-03,  8.26022523e-03,\n",
       "          6.25691758e-03, -1.75286236e-03,  7.94218378e-04,\n",
       "          1.57618620e-03,  5.56457994e-03,  5.49510463e-03,\n",
       "          2.53415283e-03,  1.03835846e-02, -1.29194436e-02,\n",
       "          6.81337245e-03,  9.05007540e-03,  5.42583815e-03,\n",
       "          4.78080106e-03, -3.61751627e-02, -6.85068450e-02,\n",
       "         -2.34986513e-02],\n",
       "        [ 5.35933479e-04,  6.67306099e-04, -2.50657354e-02,\n",
       "         -2.31194206e-02,  1.01234101e-02, -5.71160801e-03,\n",
       "         -1.31488354e-02,  1.00000000e+00,  1.00065207e-01,\n",
       "         -3.90739343e-03, -3.91470438e-03, -2.27599559e-02,\n",
       "         -2.17062545e-02,  9.54037343e-03,  2.23179257e-03,\n",
       "          2.29128675e-03,  8.72069507e-03,  6.77637574e-03,\n",
       "          5.19734873e-03,  1.25554169e-02, -1.62648708e-02,\n",
       "          1.13174548e-02,  1.24103746e-02,  9.46182844e-03,\n",
       "          7.41799426e-03, -7.20030575e-02, -5.88558101e-02,\n",
       "         -4.47688344e-02],\n",
       "        [ 2.84247958e-04,  3.96833850e-04, -1.72170743e-02,\n",
       "         -2.19381792e-02,  1.14339177e-02, -5.89907198e-03,\n",
       "         -1.40045694e-02,  1.00065207e-01,  1.00000000e+00,\n",
       "         -4.07852710e-03, -4.08613369e-03, -1.61165658e-02,\n",
       "         -2.30790873e-02,  1.20021803e-02, -1.57453390e-04,\n",
       "          1.26228427e-03,  4.10681929e-03,  5.09445976e-03,\n",
       "          2.09533357e-03,  1.11127629e-02, -1.31341269e-02,\n",
       "          6.13942798e-03,  9.93992960e-03,  5.76425566e-03,\n",
       "          5.85220983e-03, -2.74157100e-02, -1.00712157e-01,\n",
       "         -1.60561325e-02],\n",
       "        [ 8.01567403e-05,  1.02536871e-04,  1.09565009e-03,\n",
       "          7.63953413e-04, -1.23273209e-04,  1.36431097e-03,\n",
       "          1.84685957e-03, -3.90739343e-03, -4.07852710e-03,\n",
       "          1.00000000e+00,  9.98243894e-01, -7.97815642e-02,\n",
       "         -4.46745893e-02,  1.19454236e-02, -2.31723126e-04,\n",
       "         -3.07794798e-04, -1.31001920e-03, -1.56785421e-03,\n",
       "          1.11233472e-03,  5.48684140e-04, -5.38124037e-04,\n",
       "          1.63895319e-03,  1.88277088e-03,  1.67500952e-03,\n",
       "          1.40473517e-03, -9.93338208e-03, -1.53033035e-02,\n",
       "         -9.07719179e-03],\n",
       "        [ 8.03217141e-05,  1.02743392e-04,  1.09787018e-03,\n",
       "          7.65393815e-04, -1.23522810e-04,  1.36704961e-03,\n",
       "          1.85038248e-03, -3.91470438e-03, -4.08613369e-03,\n",
       "          9.98243894e-01,  1.00000000e+00, -7.99578621e-02,\n",
       "         -4.47406444e-02,  1.19782534e-02, -2.32105096e-04,\n",
       "         -3.08372837e-04, -1.31247115e-03, -1.57083674e-03,\n",
       "          1.11451961e-03,  5.49763099e-04, -5.39278667e-04,\n",
       "          1.64226956e-03,  1.88638695e-03,  1.67832279e-03,\n",
       "          1.40742635e-03, -9.95383710e-03, -1.53293270e-02,\n",
       "         -9.09621406e-03],\n",
       "        [ 4.86720037e-04,  5.94637440e-04,  6.54577860e-03,\n",
       "          4.55775697e-03, -1.55691863e-03,  6.89497485e-03,\n",
       "          8.26022523e-03, -2.27599559e-02, -1.61165658e-02,\n",
       "         -7.97815642e-02, -7.99578621e-02,  1.00000000e+00,\n",
       "          1.08135307e-01,  2.02359526e-01,  2.15900741e-04,\n",
       "         -3.60659721e-04, -4.31794334e-03, -5.06415245e-03,\n",
       "          3.71512456e-03,  4.79595252e-03, -6.90440809e-03,\n",
       "          8.05922934e-03,  7.94337035e-03,  8.40372758e-03,\n",
       "          6.31153798e-03, -6.28409782e-02, -3.98125531e-02,\n",
       "         -4.94956888e-02],\n",
       "        [ 2.73346338e-04,  3.64033339e-04,  3.57064038e-03,\n",
       "          3.16966732e-03, -4.39362474e-04,  3.94600438e-03,\n",
       "          6.25691758e-03, -2.17062545e-02, -2.30790873e-02,\n",
       "         -4.46745893e-02, -4.47406444e-02,  1.08135307e-01,\n",
       "          1.00000000e+00, -3.77485790e-01, -8.62007590e-04,\n",
       "         -6.83459771e-04, -4.38424369e-03, -5.28506558e-03,\n",
       "          3.60620479e-03,  1.61934882e-03, -1.30977134e-03,\n",
       "          4.17054845e-03,  5.68040470e-03,  5.39789638e-03,\n",
       "          5.04605234e-03, -2.68947502e-02, -7.87735219e-02,\n",
       "         -2.48366077e-02],\n",
       "        [-1.15761662e-04, -1.46019588e-04, -1.48959865e-03,\n",
       "         -6.18411705e-04, -2.55997446e-04, -1.60530012e-03,\n",
       "         -1.75286236e-03,  9.54037343e-03,  1.20021803e-02,\n",
       "          1.19454236e-02,  1.19782534e-02,  2.02359526e-01,\n",
       "         -3.77485790e-01,  1.00000000e+00,  2.05937259e-04,\n",
       "          2.75595589e-04,  1.45808944e-03,  2.31448533e-03,\n",
       "         -2.59520216e-03,  7.19487088e-04, -1.56383747e-03,\n",
       "         -1.67586515e-03, -1.56777773e-03, -2.13540103e-03,\n",
       "         -1.78542393e-03,  1.04854800e-02,  2.45437123e-02,\n",
       "          1.48152524e-02],\n",
       "        [ 1.08075225e-04,  1.14802906e-04,  2.17043751e-03,\n",
       "          4.87560380e-04, -1.86408661e-04,  1.65987172e-03,\n",
       "          7.94218378e-04,  2.23179257e-03, -1.57453390e-04,\n",
       "         -2.31723126e-04, -2.32105096e-04,  2.15900741e-04,\n",
       "         -8.62007590e-04,  2.05937259e-04,  1.00000000e+00,\n",
       "         -2.18898991e-01, -8.92429229e-03, -4.69003554e-03,\n",
       "          6.39084625e-04, -1.17324298e-03,  1.12634059e-03,\n",
       "          2.24463815e-03,  1.04416993e-03,  1.60453679e-03,\n",
       "          6.87973171e-04, -1.54614992e-02,  1.67646891e-02,\n",
       "         -1.63278212e-02],\n",
       "        [ 7.71855068e-05,  9.19201660e-05,  1.80192566e-03,\n",
       "          1.23079358e-03, -4.43790807e-04,  1.34574849e-03,\n",
       "          1.57618620e-03,  2.29128675e-03,  1.26228427e-03,\n",
       "         -3.07794798e-04, -3.08372837e-04, -3.60659721e-04,\n",
       "         -6.83459771e-04,  2.75595589e-04, -2.18898991e-01,\n",
       "          1.00000000e+00, -8.38710586e-03, -6.99803667e-03,\n",
       "          2.45488372e-04, -1.38533902e-03,  1.63390044e-03,\n",
       "          1.78581112e-03,  1.76998539e-03,  1.41542065e-03,\n",
       "          1.02856260e-03, -9.57472792e-03, -3.74719057e-03,\n",
       "         -9.29010078e-03],\n",
       "        [ 3.50443075e-04,  4.14354364e-04,  7.27126463e-03,\n",
       "          4.52384731e-03, -1.66252142e-03,  5.28793019e-03,\n",
       "          5.56457994e-03,  8.72069507e-03,  4.10681929e-03,\n",
       "         -1.31001920e-03, -1.31247115e-03, -4.31794334e-03,\n",
       "         -4.38424369e-03,  1.45808944e-03, -8.92429229e-03,\n",
       "         -8.38710586e-03,  1.00000000e+00,  2.15957310e-01,\n",
       "         -2.66460778e-02, -3.78898178e-02,  5.19799790e-02,\n",
       "          5.79747176e-03,  4.94521236e-03,  5.38240268e-03,\n",
       "          3.63375287e-03, -3.75351624e-02, -3.44952963e-03,\n",
       "         -4.20650505e-02],\n",
       "        [ 2.21764559e-04,  2.82989800e-04,  5.20095085e-03,\n",
       "          4.64203283e-03, -1.66435007e-03,  3.67916908e-03,\n",
       "          5.49510463e-03,  6.77637574e-03,  5.09445976e-03,\n",
       "         -1.56785421e-03, -1.57083674e-03, -5.06415245e-03,\n",
       "         -5.28506558e-03,  2.31448533e-03, -4.69003554e-03,\n",
       "         -6.99803667e-03,  2.15957310e-01,  1.00000000e+00,\n",
